0.0
0.0034906585
0.006981317
0.010471975
0.013962634
0.017453292
0.02094395
0.02443461
0.027925268
0.03141593
0.034906585
0.038397245
0.0418879
0.045378562
0.04886922
0.05235988
0.055850536
0.059341196
0.06283186
0.06632251
0.06981317
0.073303826
0.07679449
0.08028515
0.0837758
0.08726646
0.090757124
0.09424778
0.09773844
0.101229094
0.10471976
0.108210415
0.11170107
0.11519173
0.11868239
0.12217305
0.12566371
0.12915437
0.13264503
0.13613568
0.13962634
0.143117
0.14660765
0.15009831
0.15358898
0.15707964
0.1605703
0.16406095
0.1675516
0.17104226
0.17453292
0.17802358
0.18151425
0.1850049
0.18849556
0.19198622
0.19547687
0.19896753
0.20245819
0.20594884
0.20943952
0.21293017
0.21642083
0.21991149
0.22340214
0.2268928
0.23038346
0.23387411
0.23736478
0.24085544
0.2443461
0.24783675
0.25132743
0.25481808
0.25830874
0.2617994
0.26529005
0.2687807
0.27227136
0.27576202
0.27925268
0.28274333
0.286234
0.28972465
0.2932153
0.29670596
0.30019662
0.3036873
0.30717796
0.31066862
0.31415927
0.31764993
0.3211406
0.32463124
0.3281219
0.33161256
0.3351032
0.33859387
0.34208453
0.34557518
0.34906584
0.3525565
0.35604715
0.35953784
0.3630285
0.36651915
0.3700098
0.37350047
0.37699112
0.38048178
0.38397244
0.3874631
0.39095375
0.3944444
0.39793506
0.40142572
0.40491638
0.40840703
0.4118977
0.41538838
0.41887903
0.4223697
0.42586035
0.429351
0.43284166
0.43633232
0.43982297
0.44331363
0.44680429
0.45029494
0.4537856
0.45727625
0.4607669
0.46425757
0.46774822
0.4712389
0.47472957
0.47822022
0.48171088
0.48520154
0.4886922
0.49218285
0.4956735
0.49916416
0.50265485
0.5061455
0.50963616
0.5131268
0.5166175
0.5201081
0.5235988
0.5270894
0.5305801
0.53407073
0.5375614
0.54105204
0.54454273
0.54803336
0.55152404
0.5550147
0.55850536
0.56199604
0.56548667
0.56897736
0.572468
0.57595867
0.5794493
0.58294
0.5864306
0.5899213
0.5934119
0.5969026
0.60039324
0.6038839
0.6073746
0.61086524
0.6143559
0.61784655
0.62133723
0.62482786
0.62831855
0.6318092
0.63529986
0.6387905
0.6422812
0.6457718
0.6492625
0.6527531
0.6562438
0.6597344
0.6632251
0.6667158
0.6702064
0.6736971
0.67718774
0.6806784
0.68416905
0.68765974
0.69115037
0.69464105
0.6981317
0.70162237
0.705113
0.7086037
0.7120943
0.715585
0.7190757
0.7225663
0.726057
0.7295476
0.7330383
0.73652893
0.7400196
0.74351025
0.74700093
0.75049156
0.75398225
0.7574729
0.76096356
0.7644542
0.7679449
0.77143556
0.7749262
0.7784169
0.7819075
0.7853982
0.7888888
0.7923795
0.7958701
0.7993608
0.80285144
0.8063421
0.80983275
0.81332344
0.81681406
0.82030475
0.8237954
0.82728606
0.83077675
0.8342674
0.83775806
0.8412487
0.8447394
0.84823
0.8517207
0.8552113
0.858702
0.86219263
0.8656833
0.86917394
0.87266463
0.87615526
0.87964594
0.88313663
0.88662726
0.89011794
0.89360857
0.89709926
0.9005899
0.90408057
0.9075712
0.9110619
0.9145525
0.9180432
0.9215338
0.9250245
0.92851514
0.9320058
0.93549645
0.93898714
0.9424778
0.94596845
0.94945914
0.95294976
0.95644045
0.9599311
0.96342176
0.9669124
0.9704031
0.9738937
0.9773844
0.980875
0.9843657
0.9878563
0.991347
0.9948377
0.9983283
1.001819
1.0053097
1.0088003
1.012291
1.0157816
1.0192723
1.0227629
1.0262536
1.0297443
1.033235
1.0367255
1.0402162
1.0437069
1.0471976
1.0506883
1.0541788
1.0576695
1.0611602
1.0646509
1.0681415
1.0716321
1.0751228
1.0786135
1.0821041
1.0855948
1.0890855
1.0925761
1.0960667
1.0995574
1.1030481
1.1065388
1.1100295
1.11352
1.1170107
1.1205014
1.1239921
1.1274827
1.1309733
1.134464
1.1379547
1.1414453
1.144936
1.1484267
1.1519173
1.1554079
1.1588986
1.1623893
1.16588
1.1693707
1.1728612
1.1763519
1.1798426
1.1833333
1.1868238
1.1903145
1.1938052
1.1972959
1.2007865
1.2042772
1.2077678
1.2112585
1.2147492
1.2182398
1.2217305
1.2252212
1.2287118
1.2322024
1.2356931
1.2391838
1.2426745
1.246165
1.2496557
1.2531464
1.2566371
1.2601277
1.2636184
1.267109
1.2705997
1.2740904
1.277581
1.2810717
1.2845623
1.288053
1.2915436
1.2950343
1.298525
1.3020157
1.3055062
1.3089969
1.3124876
1.3159783
1.3194689
1.3229595
1.3264502
1.3299409
1.3334316
1.3369222
1.3404129
1.3439035
1.3473942
1.3508848
1.3543755
1.3578662
1.3613569
1.3648474
1.3683381
1.3718288
1.3753195
1.3788102
1.3823007
1.3857914
1.3892821
1.3927728
1.3962634
1.399754
1.4032447
1.4067354
1.410226
1.4137167
1.4172074
1.420698
1.4241886
1.4276793
1.43117
1.4346607
1.4381514
1.4416419
1.4451326
1.4486233
1.452114
1.4556046
1.4590952
1.4625859
1.4660766
1.4695672
1.4730579
1.4765486
1.4800392
1.4835298
1.4870205
1.4905112
1.4940019
1.4974926
1.5009831
1.5044738
1.5079645
1.5114552
1.5149457
1.5184364
1.5219271
1.5254178
1.5289084
1.532399
1.5358897
1.5393804
1.5428711
1.5463617
1.5498524
1.553343
1.5568337
1.5603243
1.563815
1.5673057
1.5707964
1.5742869
1.5777776
1.5812683
1.584759
1.5882496
1.5917403
1.5952309
1.5987216
1.6022123
1.6057029
1.6091936
1.6126842
1.6161749
1.6196655
1.6231562
1.6266469
1.6301376
1.6336281
1.6371188
1.6406095
1.6441002
1.6475908
1.6510814
1.6545721
1.6580628
1.6615535
1.6650441
1.6685348
1.6720254
1.6755161
1.6790067
1.6824974
1.6859881
1.6894788
1.6929693
1.69646
1.6999507
1.7034414
1.7069321
1.7104226
1.7139133
1.717404
1.7208947
1.7243853
1.727876
1.7313666
1.7348573
1.7383479
1.7418386
1.7453293
1.74882
1.7523105
1.7558012
1.7592919
1.7627826
1.7662733
1.7697638
1.7732545
1.7767452
1.7802359
1.7837265
1.7872171
1.7907078
1.7941985
1.7976891
1.8011798
1.8046705
1.8081611
1.8116517
1.8151424
1.8186331
1.8221238
1.8256145
1.829105
1.8325957
1.8360864
1.8395771
1.8430676
1.8465583
1.850049
1.8535397
1.8570303
1.860521
1.8640116
1.8675023
1.8709929
1.8744836
1.8779743
1.881465
1.8849556
1.8884462
1.8919369
1.8954276
1.8989183
1.9024088
1.9058995
1.9093902
1.9128809
1.9163715
1.9198622
1.9233528
1.9268435
1.9303342
1.9338248
1.9373155
1.9408062
1.9442968
1.9477874
1.9512781
1.9547688
1.9582595
1.96175
1.9652407
1.9687314
1.9722221
1.9757127
1.9792033
1.982694
1.9861847
1.9896754
1.993166
1.9966567
2.0001473
2.003638
2.0071287
2.0106194
2.0141098
2.0176005
2.0210912
2.024582
2.0280726
2.0315633
2.035054
2.0385447
2.0420353
2.0455258
2.0490165
2.0525072
2.0559978
2.0594885
2.0629792
2.06647
2.0699606
2.073451
2.0769417
2.0804324
2.083923
2.0874138
2.0909045
2.0943952
2.0978858
2.1013765
2.104867
2.1083577
2.1118484
2.115339
2.1188297
2.1223204
2.125811
2.1293018
2.1327922
2.136283
2.1397736
2.1432643
2.146755
2.1502457
2.1537364
2.157227
2.1607177
2.1642082
2.1676989
2.1711895
2.1746802
2.178171
2.1816616
2.1851523
2.188643
2.1921334
2.195624
2.1991148
2.2026055
2.2060962
2.2095869
2.2130775
2.2165682
2.220059
2.2235494
2.22704
2.2305307
2.2340214
2.237512
2.2410028
2.2444935
2.2479842
2.2514746
2.2549653
2.258456
2.2619467
2.2654374
2.268928
2.2724187
2.2759094
2.2794
2.2828906
2.2863812
2.289872
2.2933626
2.2968533
2.300344
2.3038347
2.3073254
2.3108158
2.3143065
2.3177972
2.3212879
2.3247786
2.3282692
2.33176
2.3352506
2.3387413
2.3422318
2.3457224
2.3492131
2.3527038
2.3561945
2.3596852
2.3631759
2.3666666
2.3701572
2.3736477
2.3771384
2.380629
2.3841197
2.3876104
2.3911011
2.3945918
2.3980825
2.401573
2.4050636
2.4085543
2.412045
2.4155357
2.4190264
2.422517
2.4260077
2.4294984
2.432989
2.4364796
2.4399703
2.443461
2.4469516
2.4504423
2.453933
2.4574237
2.4609141
2.4644048
2.4678955
2.4713862
2.4748769
2.4783676
2.4818583
2.485349
2.4888396
2.49233
2.4958208
2.4993114
2.5028021
2.5062928
2.5097835
2.5132742
2.5167649
2.5202553
2.523746
2.5272367
2.5307274
2.534218
2.5377088
2.5411994
2.5446901
2.5481808
2.5516713
2.555162
2.5586526
2.5621433
2.565634
2.5691247
2.5726154
2.576106
2.5795965
2.5830872
2.586578
2.5900686
2.5935593
2.59705
2.6005406
2.6040313
2.607522
2.6110125
2.6145031
2.6179938
2.6214845
2.6249752
2.628466
2.6319566
2.6354473
2.6389377
2.6424284
2.645919
2.6494098
2.6529005
2.6563911
2.6598818
2.6633725
2.6668632
2.6703537
2.6738443
2.677335
2.6808257
2.6843164
2.687807
2.6912978
2.6947885
2.6982791
2.7017696
2.7052603
2.708751
2.7122416
2.7157323
2.719223
2.7227137
2.7262044
2.7296948
2.7331855
2.7366762
2.740167
2.7436576
2.7471483
2.750639
2.7541296
2.7576203
2.7611108
2.7646015
2.7680922
2.7715828
2.7750735
2.7785642
2.782055
2.7855456
2.789036
2.7925267
2.7960174
2.799508
2.8029988
2.8064895
2.8099802
2.8134708
2.8169615
2.820452
2.8239427
2.8274333
2.830924
2.8344147
2.8379054
2.841396
2.8448868
2.8483772
2.851868
2.8553586
2.8588493
2.86234
2.8658307
2.8693213
2.872812
2.8763027
2.8797932
2.8832839
2.8867745
2.8902652
2.893756
2.8972466
2.9007373
2.904228
2.9077184
2.911209
2.9146998
2.9181905
2.9216812
2.9251719
2.9286625
2.9321532
2.935644
2.9391344
2.942625
2.9461157
2.9496064
2.953097
2.9565878
2.9600785
2.9635692
2.9670596
2.9705503
2.974041
2.9775317
2.9810224
2.984513
2.9880037
2.9914944
2.994985
2.9984756
3.0019662
3.005457
3.0089476
3.0124383
3.015929
3.0194197
3.0229104
3.0264008
3.0298915
3.0333822
3.0368729
3.0403636
3.0438542
3.047345
3.0508356
3.0543263
3.0578167
3.0613074
3.064798
3.0682888
3.0717795
3.0752702
3.0787609
3.0822515
3.0857422
3.0892327
3.0927234
3.096214
3.0997047
3.1031954
3.106686
3.1101768
3.1136675
3.117158
3.1206486
3.1241393
3.12763
3.1311207
3.1346114
3.138102
